0
0|100
0.0|72.38095238095238
0.46153846153846156|63.8095238095238
0.9230769230769231|60.952380952380956
1.3846153846153846|57.14285714285714
1.8461538461538463|54.285714285714285
2.307692307692308|44.761904761904766
2.769230769230769|38.095238095238095
3.230769230769231|32.38095238095238
3.6923076923076925|28.57142857142857
4.153846153846154|25.71428571428571
4.615384615384616|6.666666666666667
5.0769230769230775|4.761904761904762
5.538461538461538|0.0
6|0
1
0|100
0.0|94.25287356321839
2.0|82.75862068965517
4.0|55.172413793103445
4.888888888888889|27.586206896551722
5.777777777777779|0.0
6|0
