237
239
0 1 14.4
0 2 5.7
3 4 2.1
3 5 4.1
6 7 6.7
6 8 1.6
7 9 3.5
10 11 23.0
10 12 2.2
11 13 1.8
11 14 2.0
15 16 3.2
15 17 1.0
18 19 7.4
18 20 2.7
19 21 2.4
21 22 2.5
22 23 3.3
23 24 7.7
24 25 3.8
25 26 4.2
27 28 7.3
27 26 5.1
29 30 8.4
29 31 1.3
32 33 0.5
32 8 1.2
32 34 2.1
33 35 1.9
17 35 0.7
36 37 5.0
36 38 3.2
37 39 1.9
37 40 1.0
41 42 4.4
41 43 1.3
44 45 1.9
44 46 2.4
47 48 2.9
47 49 2.2
47 50 0.4
51 52 1.4
51 53 0.4
51 54 1.3
55 56 0.9
55 49 0.9
48 57 5.2
58 59 3.4
60 61 0.8
62 61 4.6
62 63 4.4
64 63 5.0
64 65 2.4
66 65 1.8
66 67 2.5
68 69 3.4
68 70 1.4
71 72 2.3
71 73 3.4
74 75 7.2
74 76 7.6
74 77 1.9
78 79 5.1
78 80 0.8
81 82 17.7
81 83 4.2
59 84 1.7
31 28 4.9
35 85 0.3
86 87 4.5
86 88 1.1
89 90 1.6
89 91 2.3
92 93 9.1
92 94 7.3
95 96 7.0
95 97 5.1
98 99 2.6
98 100 4.8
100 101 4.5
102 103 8.4
104 105 7.7
104 106 6.9
107 108 3.6
107 109 4.5
110 111 3.4
110 112 2.7
113 114 9.8
113 115 12.3
116 117 0.5
116 118 4.1
119 120 8.2
119 121 3.9
111 122 1.4
123 124 7.2
122 125 0.9
126 115 1.6
126 87 2.3
127 69 7.9
127 128 8.8
129 130 4.3
129 131 9.3
132 30 0.3
133 134 5.1
133 135 11.6
136 137 2.6
136 138 5.8
72 139 1.8
140 77 0.7
140 141 5.9
142 143 2.3
142 139 3.2
75 144 7.1
124 145 2.6
82 146 3.3
147 148 4.1
147 84 6.3
149 91 7.1
149 150 4.8
151 152 3.3
151 50 5.6
151 153 0.7
154 155 13.2
154 14 30.8
96 156 9.2
99 157 9.7
158 135 6.5
158 159 3.5
105 160 1.9
108 128 7.8
114 161 4.3
118 162 1.3
121 163 5.5
164 165 6.4
164 166 5.2
94 167 3.9
168 112 0.4
168 169 4.5
38 170 4.7
171 172 4.9
171 130 4.8
16 173 2.8
2 174 9.1
175 176 7.2
175 177 5.2
178 179 17.7
178 1 5.6
134 180 8.0
134 161 3.6
138 76 4.0
181 182 9.8
181 183 6.3
173 20 10.3
184 185 0.5
184 186 7.2
144 187 3.3
188 189 2.6
188 190 4.5
146 191 9.9
192 193 1.5
192 157 1.2
194 12 0.2
194 195 2.9
194 152 0.2
156 166 5.7
196 67 2.0
196 197 2.1
198 199 1.9
198 90 2.7
200 201 5.6
200 160 6.0
148 202 6.1
203 204 0.9
203 205 2.0
9 182 3.8
206 163 8.3
206 79 4.0
165 207 2.8
208 209 4.0
208 210 3.5
207 83 6.5
117 211 6.0
169 212 1.4
170 93 3.4
172 97 6.1
176 101 7.2
70 213 4.2
180 109 8.6
167 120 3.1
213 103 3.3
214 131 5.7
214 215 1.9
189 216 7.4
189 217 1.5
218 159 16.2
218 191 1.8
219 220 7.0
219 209 2.0
193 210 5.0
221 197 1.8
221 222 3.3
201 223 0.6
177 202 3.6
186 224 22.2
225 73 6.2
225 226 6.0
199 227 1.2
185 174 6.8
143 106 3.7
190 57 1.6
211 150 3.0
182 217 5.6
125 141 1.7
195 54 1.0
155 228 4.7
137 222 1.1
5 179 2.3
226 229 1.1
145 80 2.1
34 4 1.7
40 230 6.3
231 13 1.9
231 39 2.1
52 216 5.4
50 53 3.0
230 43 0.9
42 46 2.1
45 153 0.8
56 205 0.8
204 162 1.2
187 215 1.8
212 227 1.3
229 14 0.5
232 183 10.2
232 233 0.4
233 234 0.4
234 235 7.5
236 235 0.7
220 85 0.6
